12186181670774373063
2632880658549979803
1753871613581113959
15624877192382990364
2524370635918640832
8925583129237689944
16723069420960460242
2965667854177216567
9342016323809053174
9136516636630623029
11243374058480768550
4460783132854095470
9031562608554875302
401813367564172348
18229112149018839443
13265381758227345225
17311425711423239989
18101909799031597199
1282243851311572367
13334634610381139353
2141351251536277369
8559211362775954548
14744945173640484945
14121086407841394386
11335071380323334425
16176694653383209759
13286274040697695632
790300432734211150
12738453857854064079
936005088288594003
10072593449948675022
2439086471552018178
16648440564963802180
16983381543527434497
10476315160809457838
16787847940170476534
8864390888668080418
17708338034615730465
8201676113186312566
7457160931842920939
10305162276148986846
11826454287829985909
4749147137301687764
8831784461748345550
18190756635079411018
5467750370208560489
11792612218653186235
17628003691431725774
12449912474609173862
10714833030912845973
12040715563589034588
11098286501116448983
5862039411465653560
6790070890308062981
4886054856398936294
17139608289471354606
7208607876876650010
12063272344879665825
10489036882538135297
4155051554909889146
5273437036221344323
11407774590379448680
17406551292023715996
8177386879839273426
10604177096292320747
3981103067265700847
10569540831310046311
7115823268434950210
7677393762332686153
7952151951913463905
15938476218134112233
6603189778872236694
2975323218857473696
17155894808252853719
12247579689211718827
6838363344675123791
10245594403044171178
8716330946289302509
1393150039612009366
5551734254681133061
5873161356646748665
15508008714568117870
2366568001093567666
6584432804952247223
17968904921492825438
10003511048357785930
1269738452421360049
17027160993733494288
9298685839618995022
4387327113523105135
4274433238003330794
2990330956408908708
2005695711208846005
3974386769483231837
15151042075349744337
13343330039588433376
11260604703302129015
17031754824619535210
18251563014218716568
1534687063943487660
1204981543449576196
1222220686548038752
4378073188451878598
4621520508775879965
1977646863246568031
9922625899497138927
16229802367519833693
18372351692875476615
13177373455325561350
5319527544530691514
14105649565142908405
10028658733288718532
7923474641142661874
18416627753091532925
2213505508328692064
17640538504929258643
16106222784880888139
8202111939107446025
1240826010255136981
733035085359055966
4123019501725017172
11663334541456071121
9734117028321970441
12958310235538987745
10344088826830229680
1424560523222503384
3968131182732698109
89042145451298900
14068033672577000665
15077638767953049917
10303387490809578920
17187715404198412211
9366457441962978526
5619855245658809800
16556570690244204106
2548896918332943545
1897430573463889505
3343596450100412769
10589558398315422514
17387993194425117462
14396050253651818299
10292172785561214533
7802034382584651613
15057866197551824684
17126995389546104752
2646397125434839051
3736218209405744542
11723257737850548803
10882612594980753515
8069843278703129157
1117283925369772998
14970267887445674168
13521086144615258941
2218138332068373425
17788712119599068756
5481726810046230237
12884265031957890929
12395034045313617638
5726954507002866451
14366442767042900958
1137969391545647273
4801723962783814867
16884992410152484715
5629357571809798520
5378382260901217672
16548261687207216899
1087127634990102145
5531377923112240475
7939467377615238286
8229187214177034425
12145349627000163383
3644211637337875774
163716362650500221
10662462111989316537
3013642279743357386
7791649486678184082
12168820134653805082
1474843048555224703
10920088061561955077
5337313473157992482
3774248592704991467
210987504576797771
14527822866594865604
14375121792239842788
5782220547443163391
6223664457251135111
15437200873270359271
2242116792117900311
10765589779798451623
16636687377560653570
8085021548485779291
12214211434718043163
10229668902843093630
16489171316746781939
14317401781202848385
12151858677515257446
3234068828606756673
8634397013902559237
9453721459698998403
8729835835763667035
1208618861528209254
1723734326550816461
4399066365472734828
14906977941972610461
10639578014909359773
13859632525151253801
12812394897066417438
11365643093255079171
7703555142893202250
9638018973362568351
210487422516339572
1603360722150519269
7519347226805077672
3489352724698968360
15718859366843793316
9139567335234096199
4037930673842308264
7587940442687494971
18161419198235925332
16206852580940936676
2309959145341484696
1874101237909208008
532655071081695681
5527009945230564495
78065798650712305
12544298241464954753
17169526099897231162
8821653782283497936
9684429480788387751
8911448389788893409
13674970908717800298
14663981757414997432
3655210619900058914
2995633717370808623
1717751409313542379
4789155372820122452
1224319163180981745
7716731742634163322
16077515823414396036
6940297582177036711
6838244655096657062
4980034638054665929
16866371599871738349
16738549762551271456
3572682331549705946
2398370720079310452
9151045236011582686
1583450429276860518
7321467360911265961
16067040204840015653
10093685067765692434
2696718635028644464
11911150930486676285
16223442244906195100
7240652381588093671
5514830520848597517
4813106594619080281
3035320967527063070
10434217359499688363
3980310831626202773
3264550641009988870
1406617630092626517
6372621509772814271
17609807539896847273
11777057353159397786
11369565214795162027
17638286638533422487
7500204745178179607
12897772319810126568
7653787150315379985
514619748912877364
1948395723008573567
14813509498525806447
8726977861888523325
13412062571574828642
7015725983672085091
17849184642407476296
5452318704686896908
8042473594863158458
10708369677978786730
9253991262325738237
12442303523052188681
9179040472925611608
9171812192358331289
13206656822694259707
5148206531188343043
4030674624186918260
9990927904948982895
5727385956144298320
2618055525011788155
17900608085556594750
10943452064102868629
15623981426102663842
5330770217931347498
11087675732133270836
3444833451113526184
6564987947207559055
15395819877401576378
6676111928642091408
15008931189267636574
9319415080109865105
17124966920340888503
9699677702197778237
1499071068814029216
8304760354984211584
6740724025354826359
16655341796626601427
11343115970253459984
5237443444545657794
13298516997850088184
12008389076649643176
8455735167487360217
13327644683699610501
13889941071424280703
4900688442495643981
13480434173889163067
4080679915040676089
18112225211122582283
15054296661199276411
15592452320980420009
9270824440654469667
3420768309550819522
3010430486240648749
8700175491806312134
11472897700609858959
12772692854944872620
4485280691473861774
17831803396511187998
11323665159353765845
3818283419277675831
4510325010216431905
9957426570495887564
11761425446829321947
10455502901527865524
12093922325575948619
14932074174445282910
8134092473841858433
12581549884078584765
696404688267507588
7223194856182923793
9164308204512111393
15532712684748966098
4308327014918223950
14870252372102977722
10195203787367232023
5488135624471149661
17938524791314453271
14950258544657393103
15604665469115027204
12235400432407727303
1842305308789077366
9887244926538266819
14147823838166513352
5594475100544245268
11746612263015697035
7361656277279405988
9187452819743679141
11341504856212419448
672157766576012015
1286659099365487655
13332609378330689892
12484947244752647926
119963521535741707
15822041519602780284
6559601582043582246
11298109575972052789
7709545258109893592
5534272733820007446
6506197115563584901
7032502852502190620
13923285005556737577
9738442303134776820
8557953743034917760
99793383697599057
6805517135093821818
3905080736244458766
14485823179099022442
54517513055304032
12442189236524442556
11401905016075552005
5117666234060772459
815973543314807276
8104178315117051694
11699410459132764460
14906700782826441615
9487584413217243255
9554840525899942126
2791944065755837415
5616520598479380405
12754875522361370070
6725623474273362196
1710806138656835398
8352934989996350522
48195641836755981
2589126673676592637
13946763445161274568
4728994093078878726
16958747982195911669
15885656284008074024
905584218226090034
3952495509493149703
15637843047568128452
1133883811801852578
7363805582459417124
8592105864447081891
7314125507060565212
654421735437962516
12468734681393808294
15985846784069089627
10799193133212939233
9074621557165405685
13618499304044414630
16125467370193822362
16230773948150105079
7587851332102045202
5303518775398715301
12429574287430272248
5969101173802819154
10047060899199376067
1439637225805549019
15888398797419323869
14918720913542506495
10209161483187907654
8675432453104458352
680247737348330947
14693909283714921526
4407941523326919226
13476245699926448769
12789381035914337098
5380831369427852902
4653486029525709276
4187719134162401842
11038489384772942393
15638842671188100232
13124059187758751984
13010976881716923616
16757974045683482341
14633596171196785838
5587111554964500262
9102208294948974889
3624639435312262022
3645602421477412632
15449583386758635491
9799166010468762477
5894464056708604295
10530380486336998908
2355342920274369212
16360274896694326081
2303025180102422860
10075980351703085174
9021451912219226891
15538044392154633989
12975040610898966667
3929995986382817130
8042477888071905569
1021892376320465858
4839243277312584610
6158267579596929160
6061792149123332365
18089124739455693321
7406772090033819789
14465396028556889795
2091646849408605576
12313988668914898627
16898715430791787161
1263538868761498280
9698700711283262941
521390154940806531
11509854227567959052
15712526042308420848
13071798854032692284
13232522841111869903
3949180784215421028
8350282275829221506
15957196878584111923
17454664768211630669
953757814645732448
1922180060854150260
15500028169403625556
4303736981672638528
8646682092997924053
8660493993074271861
3218608975853480381
1617647525829063051
2486050472159882329
10527436331552836242
4933052043401182494
14647070328413695927
9376731535036669690
3310308339049867339
10682238511694780397
13963498001739830045
7591784535187393498
11272735531963754508
8799203734172946173
18023873884389683444
9360377119045745165
6256016545359400557
15322873655266018421
18242102732690970349
883091869407284091
3489216660764006433
13191130724759185377
4552814178150142983
1618825606258538690
14068114365785720853
17145205820321010879
16061834985797696777
15816210820362151792
2716336364469964778
13118030914547384083
10330742541193920587
6280317358530628400
11129797537592524812
13770418386479261447
6021526419138402710
16841456952259079090
7386944642597648611
14881294947304777060
3120705739940024653
9338562594506250200
12371516569173145809
2592072280992473891
13386080992847651678
16594351480887614819
2081435928619869858
10904915286985550610
1548772948891453223
3509673704462257217
18059618280962697367
9311132401869925923
5649386946452962440
15015503177756529547
14019447055665785623
14900868046332604713
13338212172860657621
3871003578829548512
3880806378960267674
2952571655232064863
5081921242707439407
12006398033012077119
15504474297322602733
6866661880860352255
2233420587064864989
14137232427063086542
1603194644379371029
9415177388346703912
5364561065474539161
3711459810782108356
12656662956228006570
5588787193667715218
12611120688207227482
17834771991741694014
17667928741407102105
18333805590301804096
2620454873982804465
14388025509457432147
7857572375924535628
2039475523457395863
15325308313715757000
13329977927623790439
3386000051473050138
11553931618839302147
1991197470702018238
14293011289642939890
3732675291623563812
5801399633606991425
10748656423911319960
7904872492509337912
12804379600435566359
10567602068211751843
8203914212612701611
18127042614843074941
8233737792629655258
18049498249496073148
6764342119668794239
16024944782177475400
4065612710971024700
10144579036937529835
1078781632717322592
9008617063624876906
14041608249666541334
11657892238085977469
9219430122195938887
14372288482074160387
16718712193632074410
4391337344951687700
158424288293278216
5246768493589844481
9869548448922325455
11142721367725687115
2791842940296964055
13267449170888387488
11886129743458081937
12968503128074680218
1812649429605184308
7122468595441004024
881665584608672690
4250251657551756972
12640031032368240059
10218558407494103814
11595250823927866735
1470344461365280569
11633787126678881907
18365581401656118575
12065694005171148270
8044904300125291903
10938701342662243556
11230644095078530527
13106014266884994629
12410618310329432631
5233462334641176331
3073246874329316715
15465742030358600959
8515353933059166522
10479847477218715962
7340790485141946237
17647786535152430371
10702363413849572505
15344603739705739899
18026804504731331913
9460541555768308234
4978650481440574824
3327557624390894456
4380953865847520784
1851500845475566729
9233315505175919886
3357818560760335741
18299122966681287789
15865047179782861455
14315275103810988683
5940363482035078549
10029167519851211553
3558949958075531310
8621603673666962986
12466245681981453798
12395536057549528893
3359380477228343988
3573066935744965799
10857688790904425305
15098863884376478625
15482261300184062784
11635135649058111017
16073348853188951619
15740289578494504848
12560223991662629162
18313171129360876235
5928724956906977698
11382109998615653014
3223947168207459722
16633716295861228568
11699027106865696591
9571707094196720406
15102007510155379679
13180885974121364450
3543530476476442541
1434548711600163318
13334704243640419172
5244653262850755794
12512372245931409434
18433432482626938120
11037720466135608602
18094857522924634337
7616781249128623322
1112207512470262596
14192068452347772593
13521306144162620267
5713700337865310386
13166817312930318104
8304254833565807657
1872671502266206187
10227254888582834575
4839385195281484628
2129576282237490989
4511458997792299729
4177406498061746352
17030582360636907872
9667257270559972633
15281412873201714458
17717523802317505723
6112499307890177754
14367136273628207524
10451648122757735235
16514031116439099007
9499013117179165346
4259595188187706087
4148007445998285927
7624665744412079124
13030556124675582858
18027021518497034259
16118829233028331777
12383254710507490818
1404800073628671196
5630946606765079909
8246822858115035213
12350826997257661741
11470804017211358945
8572714243267152839
18103251976033793327
2295615906656562780
17424693188425207491
5557362667796469178
1323689252630426181
17736146851377480737
7115346144223022217
6807806564814585063
10728693801405033564
11421083887541614799
8977211268697244468
2207053322891268751
15159628283373691203
10378312261033346113
1417826906850592921
13564182824925181830
7299084778425204680
4204061192781780968
12798880914602440112
11824758712496384340
16721258657638865365
15652305216492701539
18070466515286225968
1168938519218339266
11598592262092417404
11695719114895323472
15955585172275580033
2903406321192241827
6731306670459463681
14285129771511749309
524235219437750059
6289796111200222748
12167048006891415
5311641751005614941
2665629861093535798
17330235062108961921
7464105651538473984
143970663550574168
4575238156607712927
8531520056982676430
12675976853220318056
10984674631790589494
9664478494667901702
3160604243367269914
4618878176254703529
13041838210725125285
15979003698281569273
4072993417482560069
1788832902726061296
4888414568789791813
9568446088484166798
14196381319885317923
14648019492589739312
15424576706059015579
10206885039864438510
5168675004157102801
14054857681587709664
2394951200225373731
13951754144264518560
10031691838650043524
12599005785301134009
4319062398846229058
2101226001362273594
13567342580856095462
13431180102020733819
775213878766723510
4390277845064356324
18241481071446006604
7672661026467484618
16141891573905618305
17527175029598110903
17893237588749470351
13476319278510734137
6259794441011231586
4039877422594658236
12991024019706806455
12418487647515122697
15371007560135636545
13389169751594290436
5179876630968547926
9554511430339637457
501346797908897377
12917405096036938853
10852427655017877462
5621762343674896746
11418924910992475558
1430440465636042746
2436321107489258544
17377839200187388822
15948438749162429020
8526907836589396544
16989970575857654638
14790890189045931862
14479298503145377072
12539766493723630032
5723263023489283791
7392579451862620989
5574337824268800077
348628180133224243
15299382492106815153
17884716233906120785
5158193521387879371
13444455894564844228
13651425999457229995
12300060478270644688
3069442957856558810
9393156518657360493
16909052810000047988
12481676817874285149
10627521745303847388
6249245764768677481
18343374268381123767
11354760679187691771
1720168440925138331
15794786788944198580
8526175661363580913
2186620795542702926
2452988930486328516
16311953576148915114
2385488511037987785
6198361081286113601
5806524094631660339
10791602082337676171
18133076560383051850
11381475849111739584
17707313810052031586
3641007050580481899
13121067055892450452
1337869142102202226
12958124276475090257
13893051671552744559
4959097452927643454
787722833898692893
3907619802188354309
11913908127593801785
53933105196711816
9497069547155651546
3826158268776181183
7365629507970572806
6253118717995738672
3339628826132010266
10978531810501373218
15173016038228277997
9993056043971499969
16343619991991227957
300972306349189342
7953258253016681041
7907131647462283548
6102514119148626684
2763704190038160650
9579530374731546931
73582430483163595
12569974149707757940
8956283348107593943
6777418973909246701
14264813363454789808
17084646142616472238
17132320135637721812
1844541328648092331
681190205010683125
15301914649060576910
18279740495265187264
686221842026439690
2714944052542530155
3239576389418932071
3572534879559325692
7618698750988731773
11981106253744677263
87857975163502892
18206886166932935821
17513783470674213051
7786970601390813032
9414346149442152461
6730944754055395977
5216644016847350971
14577252196868936729
15935645468437677267
16970859814950830167
1731932509024349676
5092384379754494608
8064766807128414998
11376292610752118844
11173974151941903430
14960763337754616883
6158271009498195245
18008822774415594662
17626799293282920597
6997489034221039423
17711564100362786870
8426866169180877502
7575219287921726721
9356145037220987151
10681696010493887533
10829183315765931615
655978943846283451
95604551634652751
4370038108757094490
1768732079531101394
17236998154590120817
9687369621178577582
7813962757471661807
2502782123044685505
16990047336569129725
12798565335020729056
11472062114954360885
14922374936333106343
6303819002870019038
9443721681597855548
7104249781062842182
953267153766156813
3641645950961768171
7439651383890919387
17531796226513885903
16393005943186824608
5336624844128721789
4235166444760816675
11303478029920581710
10643408953117171509
4013622639652893035
11011890104620922588
8628873046947748038
11697264911604405859
4390128643963743128
5006742339621742165
4117288925101903706
16612784935000515534
8835749017776439687
2639609472186280786
14533292703315388666
8451592075289863364
4458378575464380372
5321793668934897190
15724620425914554658
1206261648667280104
7140474722245955083
10778661432758086064
12938979830132044251
12450441016713276641
2244260409056007405
4376249011469019972
9519410647019388189
16516954041744981013
6632744276371053889
5982087882622422515
6770780775527642300
597010981424999385
10030640619283693365
7887343280356019384
877937359467506264
10805837756285817424
4984935893316667893
13087679743618046836
2692932327455821391
12550902788867373557
18211299682947599004
16150940377815701260
15352997711655969861
10074049715112359984
3552226670255857748
15003495317164596502
1996195840772956347
9286503048163046098
1358768582492328532
3136619218939538197
7709957731064504138
9258945215506040320
13133897324325238379
14007139043187815077
10079008447788149862
17840414800890931338
11093134221377445596
17324832357347966562
6294532998529982877
11722932797794147442
13653998685514444569
9534008298157795295
2229145506919853512
11336799388777691658
15548900560271412354
5937082424834583919
12915815880453866915
487548981263617402
10778859474603437795
11246013118075706229
11699429067828748654
1763511909020330237
2937971950412522620
13963676566947653134
11391029256843645075
12676291900596867968
17608602861940310554
3330326279048394532
17963537343667981703
18205368941676708644
6317257358229779216
6878843573294461707
12337596067558799329
4339733167319058330
7179053538863881391
7448235232077297782
3404222110805496036
6072112526964768953
